5846160806
5846160806
2458519844
5272533509
5846160806
2874711474
2920485750
2954823361
2964748811
1973576157
5230215373
3954348407
1881607104
1175488273
1735958702
1972728893
2255430957
1380217053
2088938643
2027160834
1636761612
2740731234
1644235914
1967372874
1720630103
2844562054
1774257095
1320195833
5623556477
3198126423
3882940923
1763164213
5755872566
2469018242
2686487227
3048580795
5692630203
3860233694
5032897570
3949750740
1600577184
2712312611
1243346487
2012243730
1640971370
3478798625
3760160810
2712312611
2012243730
1640971370
1757359737
3478798625
5156184942
6005942769
5477931685
2873602785
2891595003
1163835631
2090846877
5208677451
1804342370
2384485573
2337840333
2321661580
1999493511
1867333131
2692959362
3721652933
1345264460
1778762365
2215429213
5316729269
2076283505
1686385521
1693048924
1686410530
2862251250
3930099490
2027160834
3811425440
5580754946
2818866421
3227257084
2089534131
6068834149
5518696115
1405618211
1438491913
2642970491
1548674942
2078953871
3430082044
1756350983
1788672924
3209614594
5533454465
1654702584
1827366467
2462642447
3244920340
6080031278
5737987849
2031435335
5653840373
5470295941
2871831197
2871831197
3045474961
1871373112
2394531945
1378217492
2085387711
2912514863
1796600582
1761521377
2920485750
2117137001
2213607784
2634784381
3764556980
3764556980
5749298861
6004519900
2313275852
2262463571
5059387669
6021070448
3490652534
5101929300
5189977462
1800581197
2917712000
1821202272
1713142223
3749672764
1337068222
2090892575
2076240601
2062923615
1850757715
1775748301
2075537471
1840309143
2581145884
2740731234
5609093213
1967372874
5893410314
2170892454
1907281815
2170892454
2844562054
5755872566
1320195833
3198126423
1892976843
1360236967
2263151021
2854882944
2325756990
3543680804
2172403164
2007268461
1875126087
1828084601
1898690091
2106764154
2070884084
2705105467
2055605013
1688737472
2813522093
2407465844
1516786852
2839257851
1767502975
2053374993
5241775822
5514176647
5171018197
3944592673
2265545855
2298336361
2920485750
5233736598
2655334533
5391593243
2160936541
5691370331
5517721782
2963057045
3554326707
3270878764
6068340781
5369347287
5632923834
5356065849
1849186073
3116788385
1629312303
2813995697
5253200703
1939097031
1254309534
3318763300
2216614794
1961330791
5336180389
3243060094
2241459663
1794349863
1912702933
2167171317
1890070075
2701572700
2086867433
2554890522
1747174870
5626844348
1247887311
1697871577
1099164137
1099164137
5116969175
1603006743
1260623877
2151692890
3935028818
1961780433
1846513017
1809742824
2911819855
1881939832
2970071960
3160184015
2424879845
1889170572
1750694540
3265339050
1999558445
2392052501
2832114222
5723960166
2686487227
3048580795
3860233694
5692630203
1843531633
5729141516
2806867307
3729581837
1600577184
5671033878
3760160810
5641653541
2712312611
1243346487
2012243730
1640971370
1757359737
5156184942
5477931685
2755879883
5632923834
5356065849
1849186073
1629312303
2813995697
1640971370
1939097031
5092949961
1254309534
3319750565
2216614794
3126386360
1961330791
5336180389
2346124103
2637220270
5362568261
1948319510
5801760990
5047798174
5669093199
2107091584
1866048714
5679269729
2166002312
2963951771
2134819110
2657608580
2018784781
1296439142
3847056897
3903685672
2874724170
2181939065
1315649240
2984172274
2732675463
3128659013
2462339015
1761067607
2501102034
1887437144
3033298840
2540732320
2945032777
2875662372
1822031645
2775286881
3796977474
1916537794
1969580087
5247335884
3218115282
1669134715
1669134715
2115624893
1893807563
1677006015
5492188464
1811164925
1791271063
2946630054
2373953427
3009921084
5449388841
1778789221
2578963417
5711243069
5361102248
5701834086
2685843504
2535749243
5663690586
2422590421
1960364165
3966214751
2390734132
2216394031
3883787500
3479741332
2304839235
2495340237
5869773167
1752703507
2542975705
1774531372
2266934872
3877410789
5702444849
1904210187
2177576645
2116022807
1737105010
3509614455
5360244544
2592215070